luminosity_func.py results
 
F/L = 1.1053981789810835e-46 cm^(-2)
A = 0.02236633066535873
N_GCE = 667.9043960477584
N_r = 310.12455029006094



A = 1.1443463792638415
N_GCE = 34172.52426190027
N_r = 120.49666373279396
A = 12.187211714853593
N_GCE = 363935.0773134472
N_r = 62.18491571132582
A = 4.144234103126155
N_GCE = 123755.30958307968
N_r = 133.72385324991743
A = 0.032919581622354026
N_GCE = 983.0460619844639
N_r = 787.1705196195545