flux.py results

Fit parameters
F_0 = 1.0276739519531477e-06 +- 3.539032869336523e-08
E_b = 1.7512382402423066 +- 0.08270275770043826
n1 = -0.9537619631726296 +- 0.08274252634294056
n2 = 0.5297492569741623 +- 0.04431435417344902

Flux (in sr units): 
F_Omega =5.7739817346085594e-06 [GeV/cm^2/s/sr] = 9.250958055555142e-09[erg/cm^2/s/sr]
Flux: 
F =2.426029598730239e-06 [GeV/cm^2/s] = 3.886936102493615e-09[erg/cm^2/s]