flux.py results

Fit parameters:
F_0 = 1.0276420242530353e-06 +- 3.5384000428099346e-08
E_b = 1.7520058607549431 +- 0.08284558650041585
n1 = 1.0464543892295228 +- 0.0828241108942531
n2 = 2.5299142446763785 +- 0.04431916975053429

Flux (in sr units): 
F_Omega =5.77385808019152e-06 [GeV/cm^2/s/sr] = 9.250759938921249e-09[erg/cm^2/s/sr]
Flux: 
F =2.4259776433743793e-06 [GeV/cm^2/s] = 3.886852860661563e-09[erg/cm^2/s]